[LEFT_CAM_2K]
cx=1125.38
cy=647.77
fx=1071.41
fy=1072.12
k1=-0.0868765916161085
k2=0.08630105570949881
k3=-0.04063686887450283
p1=0.00020147356573053674
p2=0.000182161954051153

[LEFT_CAM_FHD]
cx=981.383
cy=566.77
fx=1071.41
fy=1072.12
k1=-0.0868765916161085
k2=0.08630105570949881
k3=-0.04063686887450283
p1=0.00020147356573053674
p2=0.000182161954051153

[LEFT_CAM_HD]
cx=649.192
cy=371.885
fx=535.707
fy=536.06
k1=-0.0868765916161085
k2=0.08630105570949881
k3=-0.04063686887450283
p1=0.00020147356573053674
p2=0.000182161954051153

[LEFT_CAM_VGA]
cx=340.096
cy=193.442
fx=267.854
fy=268.03
k1=-0.0868765916161085
k2=0.08630105570949881
k3=-0.04063686887450283
p1=0.00020147356573053674
p2=0.000182161954051153

[LEFT_DISTO]
k1=-1.392731074135286
k2=2.8596551172514
k3=0.022316906192228536
k4=-1.3036153752840791
k5=2.713002878156559
k6=0.19284051264848293
p1=0.00014617088934238095
p2=0.0002578940866006633

[MISC]
Sensor_ID=0

[RIGHT_CAM_2K]
cx=1106.69
cy=618.041
fx=1070.77
fy=1070.76
k1=-0.06823754260590864
k2=0.048227198683756155
k3=-0.020762348037666477
p1=5.698604926564736e-06
p2=-0.0005087780759544262

[RIGHT_CAM_FHD]
cx=962.689
cy=537.041
fx=1070.77
fy=1070.76
k1=-0.06823754260590864
k2=0.048227198683756155
k3=-0.020762348037666477
p1=5.698604926564736e-06
p2=-0.0005087780759544262

[RIGHT_CAM_HD]
cx=639.844
cy=357.021
fx=535.386
fy=535.378
k1=-0.06823754260590864
k2=0.048227198683756155
k3=-0.020762348037666477
p1=5.698604926564736e-06
p2=-0.0005087780759544262

[RIGHT_CAM_VGA]
cx=335.422
cy=186.01
fx=267.693
fy=267.689
k1=-0.06823754260590864
k2=0.048227198683756155
k3=-0.020762348037666477
p1=5.698604926564736e-06
p2=-0.0005087780759544262

[RIGHT_DISTO]
k1=-1.3345816922730331
k2=2.534700724398301
k3=0.09418178495976151
k4=-1.2425707769371939
k5=2.3805887244605914
k6=0.261735406278934
p1=-5.478233504309243e-05
p2=-0.00023537075585903264

[STEREO]
Baseline=65.7375
CV_2K=0.00299752
CV_FHD=0.00299752
CV_HD=0.00299752
CV_VGA=0.00299752
RX_2K=0.000646434
RX_FHD=0.000646434
RX_HD=0.000646434
RX_VGA=0.000646434
RZ_2K=0.00199936
RZ_FHD=0.00199936
RZ_HD=0.00199936
RZ_VGA=0.00199936
TY=-0.0906626
TZ=0.015386
