[LEFT_CAM_2K]
cx=1125.18
cy=650.292
fx=1070.58
fy=1071.55
k1=-0.07576691896034315
k2=0.0645170946514266
k3=-0.027691732239519415
p1=5.625694033746699e-06
p2=-0.00037812033604109465

[LEFT_CAM_FHD]
cx=981.175
cy=569.292
fx=1070.58
fy=1071.55
k1=-0.07576691896034315
k2=0.0645170946514266
k3=-0.027691732239519415
p1=5.625694033746699e-06
p2=-0.00037812033604109465

[LEFT_CAM_HD]
cx=649.088
cy=373.146
fx=535.289
fy=535.774
k1=-0.07576691896034315
k2=0.0645170946514266
k3=-0.027691732239519415
p1=5.625694033746699e-06
p2=-0.00037812033604109465

[LEFT_CAM_VGA]
cx=340.044
cy=194.073
fx=267.644
fy=267.887
k1=-0.07576691896034315
k2=0.0645170946514266
k3=-0.027691732239519415
p1=5.625694033746699e-06
p2=-0.00037812033604109465

[LEFT_DISTO]
k1=-1.1964185166679155
k2=2.2010215258517167
k3=0.16569676440832884
k4=-1.1044686407219149
k5=2.0498405550381182
k6=0.32090081846184554
p1=1.760030445439153e-05
p2=-0.0003599119487470255

[MISC]
Sensor_ID=0

[RIGHT_CAM_2K]
cx=1105.89
cy=620.459
fx=1070.23
fy=1070.63
k1=-0.0872821313989807
k2=0.08852099071710456
k3=-0.04109708816962298
p1=-8.513272435216456e-05
p2=-0.0008436525242074267

[RIGHT_CAM_FHD]
cx=961.894
cy=539.459
fx=1070.23
fy=1070.63
k1=-0.0872821313989807
k2=0.08852099071710456
k3=-0.04109708816962298
p1=-8.513272435216456e-05
p2=-0.0008436525242074267

[RIGHT_CAM_HD]
cx=639.447
cy=358.23
fx=535.117
fy=535.315
k1=-0.0872821313989807
k2=0.08852099071710456
k3=-0.04109708816962298
p1=-8.513272435216456e-05
p2=-0.0008436525242074267

[RIGHT_CAM_VGA]
cx=335.224
cy=186.615
fx=267.559
fy=267.658
k1=-0.0872821313989807
k2=0.08852099071710456
k3=-0.04109708816962298
p1=-8.513272435216456e-05
p2=-0.0008436525242074267

[RIGHT_DISTO]
k1=-1.3228738175944477
k2=3.078563459216049
k3=-0.1671690837081577
k4=-1.232440815903598
k5=2.94158019044523
k6=-0.006094801115326185
p1=-0.00011628848527340562
p2=-0.0007039420905809825

[STEREO]
Baseline=120.004
CV_2K=0.00335144
CV_FHD=0.00335144
CV_HD=0.00335144
CV_VGA=0.00335144
RX_2K=0.00042448
RX_FHD=0.00042448
RX_HD=0.00042448
RX_VGA=0.00042448
RZ_2K=0.0019046
RZ_FHD=0.0019046
RZ_HD=0.0019046
RZ_VGA=0.0019046
TY=-0.232526
TZ=0.316102
